image_width: 640
image_height: 360
camera_name: ardrone_front
camera_matrix:
  rows: 3
  cols: 3
  data: [523.191094, 0.000000, 307.450560, 0.000000, 522.379320, 154.283421, 0.000000, 0.000000, 1.000000]
distortion_model: plumb_bob
distortion_coefficients:
  rows: 1
  cols: 5
  data: [-0.542594, 0.346062, 0.009996, -0.002425, 0.000000]
rectification_matrix:
  rows: 3
  cols: 3
  data: [1.000000, 0.000000, 0.000000, 0.000000, 1.000000, 0.000000, 0.000000, 0.000000, 1.000000]
projection_matrix:
  rows: 3
  cols: 4
  data: [420.519623, 0.000000, 302.099518, 0.000000, 0.000000, 485.296326, 152.493071, 0.000000, 0.000000, 0.000000, 1.000000, 0.000000]
